1.018568467728974696e+02
1.025621211159091359e+02
1.024942812735612137e+02
1.011036081532926261e+02
1.026179544658677827e+02
1.027946842768075726e+02
1.025524179108255396e+02
1.049390385423543819e+02
1.029964978690041306e+02
1.027019730601515164e+02
1.032905112848617080e+02
1.018104207560641328e+02
1.026282847410154204e+02
1.027277212804730482e+02
1.047537774533480075e+02
1.058340501727658278e+02
1.022276560614138958e+02
1.058867018868409389e+02
1.056341646050259016e+02
1.059119388193477249e+02
1.025748325843416211e+02
1.022068081248359590e+02
1.021366949856383854e+02
1.019428996895794626e+02
1.001896735756135683e+02
1.004836846180861727e+02
1.012091301969088732e+02
1.008891547124615471e+02
1.018161765911012537e+02
1.065691230464817210e+02
1.030877607791031068e+02
1.043366851309073269e+02
1.074391553923493916e+02
1.070898628751038189e+02
1.069246280243921916e+02
1.080427759064310607e+02
1.084749386040236772e+02
1.077980098269341482e+02
1.080100451227246197e+02
1.083158818789486162e+02
1.083158818789486162e+02
1.086756458834928054e+02
1.093976102808962310e+02
1.092786665716795653e+02
1.092623329290664600e+02
1.092623329290664600e+02
1.089539518729856411e+02
1.088632985110986624e+02
1.091600521062718201e+02
1.087360994724203778e+02
1.081950379403531883e+02
1.085227703518735893e+02
1.089816773917806358e+02
1.084967200644120453e+02
1.080219542558253210e+02
1.076949587311080734e+02
1.072603579389502642e+02
1.087138418347019240e+02
1.083126710231536265e+02
1.078409923371434900e+02
1.075722188755906217e+02
1.093103962434997669e+02
1.081753244657269875e+02
1.085973790454075214e+02
1.080613190569126090e+02
1.094677536460181386e+02
1.085330403725897241e+02
1.086415907444577442e+02
1.078667179386346362e+02
1.083801476948931821e+02
1.096134704139753495e+02
1.099136044631081148e+02
1.093049924135440421e+02
1.114579209106239972e+02
1.111640178173939688e+02
1.097558392525459539e+02
1.112309921790260745e+02
1.109611194660487428e+02
1.118310534446187177e+02
1.112201180824084474e+02
1.112309921790260745e+02
1.113399082580111212e+02
1.115179112799238652e+02
1.144314839167937805e+02
1.143754842959176301e+02
1.151706692632010061e+02
1.140379501797115580e+02
1.164618592456905048e+02
1.159003949201466241e+02
1.143868044460396192e+02
1.156028021752693320e+02
1.156055943315544283e+02
1.165066581724441335e+02
1.171487938336281331e+02
1.158312071712916520e+02
1.160195048031452387e+02
1.163525541880624274e+02
1.170899916267675849e+02
1.134426082380290239e+02
1.143556693503121267e+02
1.149089816147932197e+02
1.120266732174557944e+02
1.125470639152887173e+02
1.129827811813801617e+02
1.122958999872790287e+02
1.103671371016878595e+02
1.111373815114188659e+02
1.104829567966353210e+02
1.090058479015397239e+02
1.103343364848976620e+02
1.102281471355355933e+02
1.099319484119652941e+02
1.099657345063075127e+02
1.098493861724186758e+02
1.083281355266464345e+02
1.076904392255326854e+02
1.092781558366513650e+02
1.086709519249498328e+02
1.099945986319725222e+02
1.087228537904322394e+02
1.095210647543330111e+02
1.073750450971540857e+02
1.084069047130684709e+02
1.082872507709781473e+02
1.094830932511026447e+02
1.085215211923046326e+02
1.092275482341206470e+02
1.100515099522226450e+02
1.091639394404576393e+02
1.106255808011094501e+02
1.099773693128562115e+02
1.102535930273381268e+02
1.105513437911208570e+02
1.103397620978106204e+02
1.106951945572411233e+02
1.109741488407949817e+02
1.107100642225850748e+02
1.102743762761004120e+02
1.101896050401288676e+02
1.108196793134573284e+02
1.086219096293536239e+02
1.081992461354066961e+02
1.095685065995028253e+02
1.090844076748665543e+02
1.083772416789152686e+02
1.085686635357587733e+02
1.064873864064083335e+02
1.078747129639131970e+02
1.077305431249310317e+02
1.092131400102839081e+02
1.087848180429476628e+02
1.084831987907192570e+02
1.076752699714166965e+02
1.062967079555828604e+02
1.059525072138186061e+02
1.033364157963037115e+02
1.049745230625170365e+02
1.053835275401915226e+02
1.052974860211019603e+02
1.028421886685398761e+02
1.041851458894413156e+02
1.075514212984140840e+02
1.077750518388889276e+02
1.056797409723015733e+02
1.076012852740912251e+02
1.076025292206558817e+02
1.080077486929947810e+02
1.080888838854168199e+02
1.081952942693272917e+02
1.095376592187200941e+02
1.089990236990879993e+02
1.087362099992242150e+02
1.083801476948931821e+02
1.093746620594443328e+02
1.094480540199204057e+02
1.101056875212960477e+02
1.108466185179824635e+02
1.132530478197923571e+02
1.111172184163221743e+02
1.118770653912199720e+02
1.119333928311793187e+02
1.134576829100992086e+02
1.131574315278556355e+02
1.110663086818247649e+02
1.134013554701398618e+02
1.131862197803734205e+02
1.132924970980380976e+02
1.111067232325510048e+02
1.107493735171517102e+02
1.106409715536061640e+02
1.102261593799021995e+02
1.087571263693379819e+02
1.095239545653161173e+02
1.092630458679886516e+02
1.088478072993194274e+02
1.088892261395144203e+02
1.099084560248978306e+02
1.097159863536191864e+02
1.099833212489429712e+02
1.102962113865110467e+02
1.099942105005852113e+02
1.120011529402578105e+02
1.108309681466635510e+02
1.115000043047783009e+02
1.112749673250847877e+02
1.119333928311793187e+02
1.132538486077001210e+02
1.090423252370450911e+02
1.115268280424519247e+02
1.101113594926248993e+02
1.082733368429923786e+02
1.088256690551613985e+02
1.074182857198457128e+02
1.064917924179710980e+02
1.074002294015169667e+02
1.074876107001911834e+02
1.073518921558215027e+02
1.074025643701094168e+02
1.075516865405448641e+02
1.083158818789486162e+02
1.076025292206558817e+02
1.081901535248227617e+02
1.081091565230182425e+02
1.083158818789486162e+02
1.076752699714166965e+02
1.079580747449879681e+02
1.091559267161621136e+02
1.090598118757872470e+02
1.090912538524816853e+02
1.092623329290664600e+02
1.091905442631630336e+02
1.086005275669232759e+02
1.091600521062718201e+02
1.092077126817388972e+02
1.086939036769207263e+02
1.083468729319877752e+02
1.091864362772109160e+02
1.087936917804672845e+02
1.090067668408573667e+02
1.078941657181268567e+02
1.074982602794613342e+02
1.080272633044201029e+02
1.072603579389502642e+02
1.069096436599539857e+02
1.073904344044299961e+02
1.078371162690601466e+02
1.094633992919891625e+02
1.083994686459900976e+02
1.093653840248925349e+02
1.096019362058884354e+02
1.090336412460889193e+02
1.086475519422380955e+02
1.090159015825169462e+02
1.083459173499047807e+02
1.093868595342923271e+02
1.091179117093120396e+02
1.090072087036596145e+02
1.098850798322257845e+02
1.096313508454069421e+02
1.092555864653189559e+02
1.091600521062718201e+02
1.101636383462090834e+02
1.079625375709488821e+02
1.095790280588776966e+02
1.087936917804672845e+02
1.097533402401111289e+02
1.079366099425331242e+02
1.095433977853315639e+02
1.078941657181268567e+02
1.082749046228826160e+02
1.093040873201157694e+02
1.092894261098615658e+02
1.089202039516092384e+02
1.093914723623321095e+02
1.088959726032619244e+02
1.072734749713908684e+02
1.078644484848196754e+02
1.080241831505131103e+02
1.080370811196066114e+02
1.069886500345726290e+02
1.075562166072974009e+02
1.081186657155650579e+02
1.072927825592990985e+02
1.061739681000654087e+02
1.078235030580252527e+02
1.071519273052750378e+02
1.071969731853006493e+02
1.062094413942686373e+02
1.075235228460372383e+02
1.070646540142450078e+02
1.076076242919258732e+02
1.076380025148591102e+02
1.074025643701094168e+02
1.071791336830668797e+02
1.075467034790987100e+02
1.076380025148591102e+02
1.033870880105916257e+02
1.054196444370730319e+02
1.072961393273640311e+02
1.057974591505258530e+02
1.024497838208139484e+02
1.051874465900268802e+02
1.075243856021612743e+02
1.070898628751038189e+02
1.064652601803317395e+02
1.054673659455105792e+02
1.073728329097555161e+02
1.075235228460372383e+02
1.065829783585560193e+02
1.074970585872525533e+02
1.093937672732017319e+02
1.093359129885839991e+02
1.081643701527386838e+02
1.093554245156402658e+02
1.093247268230333304e+02
1.091067746098414659e+02
1.086442271979030778e+02
1.093466920777486280e+02
1.092015129868971002e+02
1.088208542866923949e+02
1.086442271979030778e+02
1.088239927755464720e+02
1.093746620594443328e+02
1.088208542866923949e+02
1.089628812433877556e+02
1.090771587174529458e+02
1.088959726032619244e+02
1.089753238140300482e+02
1.085965209175832200e+02
1.091426468210311498e+02
1.091337174506290353e+02
1.080272633044201029e+02
1.082634097931752137e+02
1.092976772869554338e+02
1.080682867582528246e+02
1.080562958165425158e+02
1.085883962305754977e+02
1.082414055710825096e+02
1.088365816902193757e+02
1.097234800625332412e+02
1.086077658968870452e+02
1.092623329290664600e+02
1.093746620594443328e+02
1.090666438883039717e+02
1.099845248223435732e+02
1.101083239747413813e+02
1.107898970892918697e+02
1.112158443260453424e+02
1.111626549757231572e+02
1.118013945718752638e+02
1.112873196189854212e+02
1.114659339893365768e+02
1.109769218558035107e+02
1.103964474814231096e+02
1.098457159823579303e+02
1.102818846383478473e+02
1.093202962336111455e+02
1.097306138369715285e+02
1.084783624793176244e+02
1.093202962336111455e+02
1.084121833710221097e+02
1.088855640549845845e+02
1.084783624793176244e+02
1.092719817514831675e+02
1.077940386155574828e+02
1.088959726032619244e+02
1.089753238140300482e+02
1.111034807834782754e+02
1.098632244704947567e+02
1.101701290586910318e+02
1.100470370890555074e+02
1.114810662576472140e+02
1.121578204663164087e+02
1.119168890277862545e+02
1.139909516381903245e+02
1.130789898012008621e+02
1.137899401447868684e+02
1.135703490703778584e+02
1.144599547093134930e+02
1.140930492570874577e+02
1.128852664756429931e+02
1.136234636268538623e+02
1.129186413308206056e+02
1.127557295210865078e+02
1.125470639152887173e+02
1.129259347615383859e+02
1.126464182587652516e+02
1.108161093236699060e+02
1.103225919138031657e+02
1.105192598645532058e+02
1.096470169694131300e+02
1.098449170904557093e+02
1.106451873714003966e+02
1.087128931001555827e+02
1.073582796848006211e+02
1.077756340576629128e+02
1.087366873243265246e+02
1.074528160246227628e+02
1.072746671607924895e+02
1.081437740700191625e+02
1.064246051648997877e+02
1.054601830360721806e+02
1.071519273052750378e+02
1.058662252836758455e+02
1.055468184008961714e+02
1.056268230417959160e+02
1.070898628751038189e+02
1.065197546721932582e+02
1.072048415509853925e+02
1.063391199831751948e+02
1.063391199831751948e+02
1.076380025148591102e+02
1.073225597292096722e+02
1.062591153422754502e+02
1.075170440389312887e+02
1.076380025148591102e+02
1.054323387320742995e+02
1.076380025148591102e+02
1.074025643701094168e+02
1.066974580273778912e+02
1.050811355207894593e+02
1.035080464865194472e+02
1.051224500792189929e+02
1.047118685453400815e+02
1.032756737290040547e+02
1.026350100638169920e+02
1.048720755460198575e+02
1.049390385423543819e+02
1.028421886685398761e+02
1.023301549798167400e+02
1.018104207560641328e+02
1.027639347081056940e+02
1.016417464392299195e+02
1.018189519990665275e+02
1.016086071638675747e+02
1.013355912291836631e+02
1.012423210528670268e+02
1.006238927083473413e+02
1.002347402959573230e+02
1.001860188948643469e+02
1.003143348468284586e+02
1.002338431965613381e+02
1.002342662177262866e+02
1.003478773436733178e+02
1.006896139306537776e+02
1.004524208079677976e+02
1.004279459727754897e+02
1.004279459727754897e+02
1.004279459727754897e+02
1.004480577969305699e+02
9.954317095900178458e+01
1.005033423042507223e+02
1.004046639658726434e+02
1.004832304800956564e+02
1.000690108708386958e+02
1.001182018669642133e+02
1.002640017376209443e+02
9.749148516370284767e+01
9.762786358286535915e+01
9.871006625986957772e+01
9.754718856424877060e+01
9.691957924567503824e+01
9.677300767724617003e+01
9.648843897328171693e+01
9.731020749987590079e+01
9.665724072561164348e+01
9.677300767724617003e+01
9.718715791039213059e+01
9.731020749987590079e+01
9.734593263543402486e+01
9.677300767724617003e+01
9.497882949251504670e+01
9.515028196684451700e+01
9.445136104409975530e+01
9.427990856977028500e+01
9.432049430694141279e+01
9.449194678127088309e+01
9.454924744517975910e+01
9.437779497085028879e+01
9.136705960441290131e+01
9.454924744517975910e+01
9.446451367373050800e+01
9.437779497085028879e+01
9.136705960441290131e+01
9.080015673043955360e+01
9.055704038523627730e+01
9.055704038523627730e+01
9.058106678816696444e+01
9.151420906115795617e+01
9.086098738931309526e+01
9.086098738931309526e+01
9.006398016228750691e+01
8.764190384776790665e+01
8.575072912726609786e+01
8.747793557630171790e+01
8.389719115390624893e+01
8.247243145064524583e+01
8.455456215324772984e+01
8.475218581455398237e+01
8.544752032925038066e+01
8.500810187023451192e+01
8.455456215324772984e+01
8.518433007675228907e+01
8.558331856899231127e+01
8.500810187023451192e+01
8.518433007675228907e+01
8.601546283119061798e+01
8.518433007675228907e+01
8.518433007675228907e+01
8.514390010997644254e+01
8.597503286441477144e+01
8.514390010997644254e+01
8.455456215324772984e+01
8.442511123161889941e+01
8.282235511428160635e+01
8.446594331361924901e+01
8.229143319556223446e+01
8.424807171760964764e+01
8.251983016443234931e+01
8.335203075628426461e+01
8.141022513500722368e+01
7.853781223288761737e+01
8.267593980948083754e+01
8.087131722088514607e+01
8.101565195613640924e+01
7.853781223288761737e+01
7.808151516330366348e+01
7.755722933747836123e+01
7.799603888941638274e+01
7.717215422547576509e+01
7.713570015005709024e+01
7.730406629415719522e+01
7.755613426747471806e+01
7.840990809792006644e+01
7.757737513134426877e+01
7.873327821315852759e+01
7.770631612962446866e+01
7.765474968998429972e+01
7.235815933659108623e+01
7.334624350005910287e+01
7.275772688554096135e+01
6.962776308025982530e+01
7.016772622289245476e+01
7.062195000319266569e+01
7.031286385021086005e+01
6.922163818800355273e+01
6.888005503272447072e+01
6.590231639697016419e+01
6.459979467413302245e+01
6.559384381524341734e+01
6.604908638842570667e+01
6.355127674427777862e+01
6.390943999946424725e+01
6.268248767034699398e+01
6.018522812259357124e+01
6.055532270663947259e+01
6.066781817887427053e+01
6.052859596275416720e+01
5.936882508048925189e+01
5.926445273521883905e+01
5.992968829598258651e+01
5.959759616169808538e+01
5.828610514142712162e+01
5.868041040839857203e+01
5.859268156616984413e+01
5.815271046088513174e+01
5.885229160084600153e+01
5.658442942941022835e+01
5.649560811654468750e+01
5.765958331773569512e+01
5.556784199053873152e+01
5.593769559580544382e+01
5.595779965034401471e+01
5.555158069709868585e+01
4.920095017033099083e+01
5.137004149606927683e+01
5.143289170778646735e+01
5.009701964535794616e+01
4.901933203143679663e+01
4.970773009328602399e+01
4.817251257920023733e+01
4.804038413442430766e+01
4.781079756631913824e+01
4.666145116363201595e+01
4.569909656693091193e+01
4.650476070240558357e+01
4.637076553791446543e+01
4.650211782978303887e+01
4.695218816575381737e+01
4.683821206287093730e+01
4.673527897150604105e+01
4.600608049224257456e+01
4.634651135305425385e+01
4.600608049224257456e+01
4.650211782978303887e+01
4.650211782978303887e+01
4.690397328848092684e+01
4.669230911202941314e+01
4.712473122021611260e+01
4.650211782978303887e+01
4.690397328848092684e+01
4.718834644956987745e+01
5.399593857468603630e+01
5.421588645288136377e+01
5.227885952963055161e+01
5.430093027700402786e+01
5.485440589681020640e+01
5.537251233388657568e+01
5.555158069709868585e+01
5.374426477939988445e+01
5.636298965896953206e+01
5.675702049749601485e+01
5.555158069709868585e+01
5.446682300897668227e+01
5.665155577779499652e+01
5.837682409431980091e+01
5.859740590514793013e+01
5.801246596558083723e+01
6.122549794952190183e+01
6.011269227672521964e+01
6.047175928368350384e+01
5.935595345672525980e+01
6.077979531618984055e+01
6.026439723487236932e+01
6.094352448728847804e+01
5.964731708934399990e+01
6.043426033456372437e+01
6.004641736070016833e+01
6.105728008582217115e+01
6.193922669841590789e+01
5.900374325613955762e+01
6.108738482904072242e+01
6.080150376628788678e+01
6.167786115047886852e+01
5.927983351202630047e+01
6.050408085567904237e+01
5.971739939332223202e+01
5.791256475536872728e+01
5.705911086964262324e+01
5.811573443176811793e+01
5.647986453092054404e+01
5.672456418862011418e+01
5.671249839428627837e+01
5.526011157355586079e+01
5.418160710677774006e+01
5.375050641230723159e+01
5.172251831097285191e+01
5.201860059108169310e+01
5.259830028665203372e+01
5.249223705185760025e+01
5.316360404614094648e+01
5.355743335684822171e+01
5.675702049749601485e+01
5.382855421027514353e+01
5.420841221201908411e+01
5.436014142729489151e+01
5.675702049749601485e+01
5.617233169613199095e+01
5.569754858327404179e+01
5.623535726988174588e+01
5.398293417789345483e+01
5.390155933869282023e+01
5.547857556868100914e+01
5.547857556868100914e+01
5.555158069709868585e+01
5.624533682454966765e+01
5.624533682454966765e+01
5.582913831663641702e+01
5.737415763152409909e+01
5.650374762150726582e+01
5.663145172325642562e+01
5.692911339733272769e+01
5.784072355784452668e+01
5.928692839178009422e+01
5.792822739116481756e+01
5.812174010556007175e+01
5.936214640433914269e+01
5.972933557598253884e+01
6.098141220410206387e+01
6.014415056127354120e+01
6.257601380771833988e+01
6.172514320721747794e+01
6.130854623191168429e+01
6.078764190169565751e+01
6.165383447025561026e+01
6.344254832168162039e+01
6.327343724466677344e+01
6.282636108869338898e+01
6.251510244329802646e+01
6.274119636852878301e+01
6.344929139351511083e+01
6.307779288415608931e+01
6.371235560074865134e+01
6.566910857149231617e+01
6.490161822845156792e+01
6.485448589491389271e+01
6.544201493962835059e+01
6.622608235597429882e+01
6.500898583756926996e+01
6.433279049696263030e+01
6.605432326477624372e+01
6.535921444915815925e+01
6.381379099716568248e+01
6.477810003790114024e+01
6.650392944014048169e+01
6.488034833068142859e+01
6.509777338925752588e+01
6.402993895999719598e+01
6.468228946956419634e+01
6.481393924387325001e+01
6.383977086040926707e+01
6.349753229416271694e+01
6.440444238539799926e+01
6.455163435794851523e+01
6.250408943224919511e+01
6.147988967308526043e+01
6.415389074853736417e+01
6.187547557488203154e+01
6.204221259680759459e+01
6.125702564141992923e+01
6.257580945183275389e+01
6.281385869785107445e+01
6.126266378736651319e+01
6.261183482173641579e+01
6.262341321139262362e+01
6.287331853788710134e+01
6.077634925215193817e+01
6.086208662160657923e+01
6.377208221369134833e+01
6.312940458852354908e+01
6.172297345259517698e+01
6.341953234042212983e+01
6.425407327659173973e+01
6.333235246582431444e+01
6.307779288415608931e+01
6.161701633529595057e+01
6.211240318837027985e+01
6.065913874430581387e+01
6.092989276464513893e+01
6.072694488734437357e+01
6.160576294474905268e+01
5.957214226943100499e+01
6.180871082204981803e+01
6.004097276116339543e+01
6.038140990571825739e+01
6.144604015526663687e+01
6.180267210115354715e+01
6.095896472461495108e+01
6.092989276464513893e+01
6.192492939895296189e+01
6.221960106960684556e+01
5.978572788982421571e+01
6.070702873297980773e+01
6.181290779161485460e+01
6.186415279280583945e+01
5.948278138932706582e+01
5.709791641014756891e+01
5.871670418976356842e+01
5.814214905444773507e+01
5.481281715839988777e+01
5.576051437309854464e+01
5.759864070124441326e+01
5.724966096242641100e+01
5.763577586113316897e+01
5.790808068651858775e+01
5.790808068651858775e+01
5.790808068651858775e+01
5.790808068651858775e+01
5.790808068651858775e+01
5.703767067650175449e+01
5.703767067650175449e+01
5.623535726988174588e+01
5.667057669636907491e+01
5.580999149405628401e+01
5.652289444408739882e+01
5.580999149405628401e+01
5.458380007087046693e+01
5.512331191655586338e+01
5.434396586759098113e+01
5.393821895092026608e+01
5.434396586759098113e+01
5.479189599118058851e+01
5.434396586759098113e+01
5.367125965098220775e+01
4.912794504191331413e+01
4.860871414821129122e+01
5.014629232425782135e+01
4.879767517055325499e+01
4.845457179571125295e+01
4.811728340320794217e+01
4.781079756631913824e+01
4.816944948323270381e+01
4.756897386502765102e+01
4.802763535194303302e+01
4.781079756631913824e+01
4.816944948323270381e+01
4.771078799631732181e+01
4.766898343502946744e+01
4.744611531745789534e+01
4.700519958450677649e+01
4.666036717913436860e+01
4.644069323189683018e+01
4.695218816575381737e+01
4.606846495022449517e+01
4.432900539681759255e+01
4.625944244392570681e+01
4.448263079293506195e+01
4.235694293399686217e+01
4.196190826194211354e+01
4.527658828687621906e+01
4.362723451081753723e+01
4.637493704063955846e+01
4.518472303563806491e+01
5.023600996860390921e+01
4.891582982546799485e+01
4.714846371474931175e+01
4.752837341901827273e+01
5.104419142908638918e+01
4.877725510663349695e+01
4.789027751663826393e+01
4.781079756631913824e+01
4.777239023621218195e+01
4.873583641011584433e+01
4.688274524524081244e+01
4.744822550329428168e+01
4.781079756631913824e+01
4.972254294138216579e+01
4.751882323125649066e+01
4.695218816575381737e+01
4.744611531745789534e+01
4.894423867618663593e+01
4.712543784702534566e+01
4.744822550329428168e+01
4.803209164792793473e+01
4.755091851259473401e+01
4.766898343502946744e+01
4.748949391470852532e+01
4.789027751663826393e+01
4.712473122021611260e+01
4.744822550329428168e+01
4.755091851259473401e+01
4.734767978341885453e+01
4.691306704376459891e+01
4.734767978341885453e+01
4.672287576151822464e+01
4.718834644956987745e+01
4.740910438130506321e+01
5.098853571552955088e+01
5.124834008758310233e+01
4.924276929357603905e+01
5.147153650025324367e+01
5.159355582164871379e+01
5.065585531740095604e+01
5.077287967249845480e+01
4.887176609708430419e+01
4.802078236435102809e+01
5.094141738836643896e+01
4.888463422605382647e+01
4.858115027732294777e+01
4.865516359224313447e+01
4.906211132887013093e+01
4.795736356631230990e+01
4.781079756631913824e+01
4.720512075361957471e+01
4.684254869059471815e+01
4.712692185168366876e+01
4.734767978341885453e+01
4.640793595094046253e+01
4.690397328848092684e+01
4.666198731350562667e+01
4.744822550329428168e+01
4.679453894692174032e+01
4.720403676912192736e+01
4.672341191139183536e+01
4.766951958490307817e+01
4.766898343502946744e+01
4.773594258542547664e+01
4.777221259420353050e+01
4.756897386502765102e+01
4.766898343502946744e+01
4.781079756631913824e+01
4.718623626373349111e+01
4.565997544494169347e+01
4.484981364488479016e+01
4.537183831172396253e+01
4.581167006017743404e+01
4.475298889341966913e+01
4.461562533014215148e+01
4.213922822411885960e+01
4.174783595597610031e+01
4.239159387055623540e+01
4.037223037341509979e+01
4.133648109464297704e+01
4.095157216681845114e+01
4.195732101353835475e+01
4.266099003279208546e+01
4.276345379065567442e+01
4.301887550682639727e+01
4.376362799147739224e+01
4.424204541252120748e+01
4.326450056255792020e+01
4.345636916127510574e+01
4.340298433277821744e+01
4.230946335372140510e+01
4.231716153648279999e+01
4.284515776793475084e+01
4.265109069735574820e+01
4.188949709514366759e+01
4.217261514460263783e+01
4.112377481431681048e+01
3.925864467761316234e+01
4.007247649401453771e+01
4.030153908069115687e+01
3.989140318732332702e+01
3.838464238322355015e+01
3.839063134488245055e+01
3.797857280004316038e+01
3.765858124088928349e+01
3.684483261655107356e+01
3.668949976476262265e+01
3.743932695075181272e+01
3.781225378424317540e+01
3.677355646662975630e+01
3.670163344521973414e+01
3.681319181445721966e+01
3.736887358343616938e+01
3.577243924015175480e+01
3.525300392053861032e+01
3.670163344521973414e+01
3.754454326918629192e+01
3.702009324745067431e+01
3.597692718295304815e+01
3.670163344521973414e+01
3.772572745880113132e+01
3.702009324745067431e+01
3.597692718295304815e+01
3.670163344521973414e+01
3.525300392053861032e+01
3.441132407526751535e+01
3.395925973164211342e+01
3.695828537420338478e+01
3.518843034558280891e+01
3.431809605349564407e+01
3.580990080462525071e+01
3.410229274593699245e+01
2.908351273449161667e+01
2.931259853537074633e+01
3.021829277593223395e+01
2.935486144223921556e+01
2.861642951586935979e+01
2.886936334672160598e+01
2.863849599879521080e+01
2.659712426393794971e+01
2.772355450220707596e+01
2.718980892189673071e+01
2.718445564106754020e+01
2.646761815197182344e+01
2.768813307672833446e+01
2.961559358538493214e+01
3.038221670370205629e+01
3.196443457176006220e+01
2.991653897325588929e+01
3.102202475628639533e+01
3.168283569368677277e+01
3.302187412920135756e+01
3.320267783554086805e+01
3.174280963473076866e+01
3.324198598880714428e+01
3.241389204924982437e+01
3.126883749507413768e+01
3.180983158321009441e+01
3.302187412920135756e+01
3.180983158321009441e+01
2.997524357780128668e+01
2.903607137865942533e+01
3.126285996211843354e+01
3.029663210421975350e+01
2.982861450971055817e+01
2.883975784889122451e+01
3.156322651326950535e+01
3.280343341086388875e+01
3.231946265446322997e+01
3.142693326015099586e+01
3.124112369986108817e+01
3.322210634723086287e+01
3.302187412920135756e+01
3.149395520863032161e+01
3.355013477449938364e+01
3.351575546937318251e+01
3.180983158321009441e+01
3.153326336189660140e+01
3.324198598880714428e+01
3.525601368500118582e+01
3.594927911304431944e+01
3.616512378813894202e+01
3.821645746814520805e+01
3.649071434469271225e+01
3.670163344521973414e+01
3.622180681255487400e+01
3.746091503829751446e+01
3.826997240179116488e+01
4.041775984670316291e+01
3.848116937796255854e+01
3.936675975921351522e+01
4.045069603124720459e+01
3.847281068242114088e+01
4.003208833079641948e+01
3.809114718367928276e+01
3.800346368017727627e+01
3.792670528835795096e+01
3.787617522259219527e+01
3.800346368017727627e+01
3.991287565291110440e+01
3.945785840297132552e+01
4.040940115116174525e+01
3.847281068242114088e+01
4.046790695709614738e+01
4.040940115116174525e+01
3.864389087199166539e+01
3.809778547792847547e+01
3.797857280004316038e+01
3.711295666401974813e+01
3.662308935435805068e+01
3.758564555870997026e+01
3.716482417570495755e+01
3.685070899722882132e+01
3.670797549602274046e+01
3.681319181445721966e+01
3.655512495909795945e+01
3.743932695075181272e+01
3.692805179258932924e+01
3.652128354651280517e+01
3.751538206955794408e+01
3.791747010267765461e+01
4.029133399683065875e+01
4.198527471281658308e+01
4.198999894336254357e+01
4.100753285124940817e+01
4.319969471916709125e+01
4.257636153348120445e+01
4.355080357952288495e+01
4.140566840903548496e+01
4.289816308258307487e+01
4.319775835960702182e+01
4.180985993003626078e+01
4.338887618656945477e+01
4.266491492465394941e+01
4.360418840801977325e+01
4.386405087251596768e+01
4.180452350424282315e+01
4.454641662676409908e+01
4.301707670662857197e+01
4.385597259134200243e+01
4.423202391359234298e+01
4.484790072014047979e+01
4.547595912443185284e+01
4.353604883682783822e+01
4.366977964196503592e+01
4.579083220653024000e+01
4.313316107775424513e+01
4.304005849718797805e+01
4.417557719145318629e+01
4.417581242631054295e+01
4.404523096385049996e+01
4.522370262669670637e+01
4.373327369282656463e+01
4.431340203364854347e+01
4.529845943357883442e+01
4.480136940983306459e+01
4.619346282312501017e+01
4.711447099831222118e+01
4.801555357126086676e+01
4.830158509163764080e+01
4.873583641011584433e+01
4.873583641011584433e+01
4.781079756631913824e+01
4.855068839879589149e+01
4.784814583162209090e+01
4.859402227882617353e+01
4.781079756631913824e+01
4.816944948323270381e+01
4.873583641011584433e+01
4.958072881009249500e+01
4.877127650424265681e+01
4.873583641011584433e+01
4.873583641011584433e+01
4.972254294138216579e+01
4.877127650424265681e+01
4.873583641011584433e+01
4.855068839879589149e+01
4.873583641011584433e+01
5.018524804499806891e+01
5.120199189359462366e+01
4.976396163789981841e+01
5.022068813912488139e+01
5.129541018852808776e+01
5.087068008920616080e+01
4.849492738503997913e+01
4.850493332810710001e+01
4.792214244867554385e+01
4.983266950035347520e+01
4.774622809044413430e+01
4.766898343502946744e+01
4.744611531745789534e+01
4.742698533232466929e+01
4.724933108674751026e+01
4.758243952307147140e+01
4.837326434709098777e+01
4.809459450233904221e+01
4.855068839879589149e+01
4.873583641011584433e+01
4.781079756631913824e+01
4.744611531745789534e+01
4.756377267053314029e+01
4.469156429553346044e+01
4.688967958336996134e+01
4.724520275662079882e+01
4.672341191139183536e+01
4.744822550329428168e+01
4.699285318599697092e+01
4.739600994506185572e+01
4.688166126074316509e+01
4.556624874378910306e+01
4.688967958336996134e+01
4.603381270097381162e+01
4.467813391252600752e+01
4.625944244392570681e+01
4.421740068314939975e+01
4.464079908422021248e+01
4.603335535766779429e+01
4.454623206284472303e+01
4.606011098105106072e+01
4.579932366166762847e+01
4.603055969878733578e+01
4.598495383384757673e+01
4.555281836078165014e+01
4.602261692738354526e+01
4.594357190985871853e+01
4.467813391252600752e+01
4.461344865811869909e+01
4.340105936198411740e+01
4.327877333209315935e+01
4.389044353934008313e+01
4.291026293715826512e+01
4.275811039965873306e+01
4.182727610408323216e+01
4.195989053455551954e+01
4.099461069137719704e+01
4.141722175236843384e+01
4.052861382904706034e+01
4.052861382904706034e+01
4.052861382904706034e+01
4.066902745194685309e+01
4.214422122192999609e+01
4.219760605042688439e+01
4.252316875376713767e+01
4.299567142192154989e+01
4.330316826591921853e+01
4.283774817354306208e+01
4.406246941267960437e+01
4.398791407084795679e+01
4.600621343187341239e+01
4.734733056568288134e+01
4.707470648251992884e+01
4.742958945386256886e+01
4.819353320909057459e+01
4.982409938321833920e+01
4.975798303550897828e+01
4.877127650424265681e+01
4.781079756631913824e+01
4.816944948323270381e+01
4.841453275850523141e+01
4.766898343502946744e+01
4.958352125336168115e+01
4.943667938389836536e+01
4.792571761076507642e+01
4.803209164792793473e+01
4.972254294138216579e+01
4.806753174205474721e+01
4.803209164792793473e+01
4.619302371863498990e+01
4.738360673507403931e+01
4.636865535207807909e+01
4.644069323189683018e+01
4.644069323189683018e+01
4.628862275144042826e+01
4.713713443020392901e+01
4.850406952302751051e+01
4.758243846061025550e+01
4.766898343502946744e+01
4.744611531745789534e+01
4.774828898393528220e+01
4.622683842397776033e+01
4.695218816575381737e+01
4.610290524370769560e+01
4.522398698108632686e+01
4.556516475929145571e+01
4.588214731197250984e+01
4.593122551134891296e+01
4.562767334167531175e+01
4.586871692896505692e+01
4.651452103977085528e+01
4.651452103977085528e+01
4.543921751320650770e+01
4.611292316883086784e+01
4.622592537112908673e+01
4.475298889341966913e+01
4.596702021798934368e+01
4.712595648806890125e+01
4.733336832602437738e+01
4.837326434709098777e+01
4.964768796048850419e+01
4.901464707736850102e+01
4.873583641011584433e+01
4.972254294138216579e+01
5.022068813912488139e+01
5.075933520684975520e+01
5.075933520684975520e+01
4.976396163789981841e+01
5.134452221030147712e+01
5.087068008920616080e+01
4.987530652025622402e+01
4.990581073351817309e+01
4.909755142299694342e+01
4.996803544670510178e+01
5.130138242925052339e+01
4.976396163789981841e+01
4.998389264529192388e+01
5.154443743820691992e+01
5.087068008920616080e+01
5.022664534798416724e+01
4.892508280464269177e+01
4.871158644254555981e+01
4.967433581744347038e+01
4.888262138659906242e+01
4.873583641011584433e+01
4.940416677567777270e+01
4.784623766044595072e+01
4.744611531745789534e+01
4.605348348333401987e+01
4.601284347241242756e+01
4.581275404467508139e+01
4.435475607941449994e+01
4.398496722672066284e+01
4.266167470313828147e+01
4.302874772261699832e+01
4.396018776894937474e+01
4.270602077145311171e+01
4.297418191163693280e+01
4.411909586882736534e+01
4.395549659019457778e+01
4.230946335372140510e+01
4.403245713211376255e+01
4.391801187553286923e+01
4.197955886643893564e+01
4.424347433966617871e+01
4.391824090695280347e+01
4.423292153668726456e+01
4.440817003249355821e+01
4.540525736152645209e+01
4.654117979835971397e+01
4.588375967897795249e+01
4.642033916092827894e+01
4.652659703632780008e+01
4.621969368248217336e+01
4.640793595094046253e+01
4.543921751320650770e+01
4.670149445726968906e+01
4.637021598010175438e+01
4.569909656693091193e+01
4.718373944937103914e+01
5.074562061137881130e+01
5.147513631158817304e+01
5.161695044287784384e+01
5.155041604059776006e+01
5.282337390989710713e+01
5.182299930024652923e+01
5.245808769631393886e+01
5.169961905644314726e+01
5.171626519002327882e+01
5.282337390989710713e+01
5.282337390989710713e+01
5.383215571612583261e+01
5.323177254574995487e+01
5.367125965098220775e+01
5.249124999315469609e+01
5.366349659164265518e+01
5.360214336130031398e+01
5.326101624777377452e+01
5.382855421027514353e+01
5.390447876235872826e+01
5.336707948256820799e+01
5.393821895092026608e+01
5.349873184568801321e+01
5.393821895092026608e+01
5.393821895092026608e+01
5.479189599118058851e+01
5.393821895092026608e+01
5.401122407933794278e+01
5.479189599118058851e+01
5.479189599118058851e+01
5.486490111959826521e+01
5.441697099600865783e+01
5.486490111959826521e+01
5.479189599118058851e+01
5.441697099600865783e+01
5.486490111959826521e+01
5.547857556868100914e+01
5.374426477939988445e+01
5.390155933869282023e+01
5.390447876235872826e+01
5.367125965098220775e+01
5.382855421027514353e+01
5.390447876235872826e+01
5.434396586759098113e+01
5.479189599118058851e+01
5.382855421027514353e+01
5.434396586759098113e+01
5.479189599118058851e+01
5.382855421027514353e+01
5.367125965098220775e+01
5.479189599118058851e+01
5.435240888594833564e+01
5.441697099600865783e+01
5.479189599118058851e+01
5.479189599118058851e+01
5.434396586759098113e+01
5.547857556868100914e+01
5.479189599118058851e+01
5.555158069709868585e+01
5.547857556868100914e+01
5.486490111959826521e+01
5.555158069709868585e+01
5.547857556868100914e+01
5.555158069709868585e+01
5.555158069709868585e+01
5.390155933869282023e+01
5.441697099600865783e+01
5.479189599118058851e+01
5.382855421027514353e+01
5.441697099600865783e+01
5.393821895092026608e+01
5.547857556868100914e+01
5.479189599118058851e+01
5.441697099600865783e+01
5.417598882529258475e+01
5.479189599118058851e+01
5.434396586759098113e+01
5.417598882529258475e+01
5.434396586759098113e+01
5.617233169613199095e+01
5.547857556868100914e+01
5.641216589941147674e+01
5.512331191655586338e+01
5.571840977196049494e+01
5.512331191655586338e+01
5.486490111959826521e+01
5.367125965098220775e+01
5.479189599118058851e+01
5.367125965098220775e+01
5.547857556868100914e+01
5.410298369687490805e+01
5.417598882529258475e+01
5.479189599118058851e+01
5.479189599118058851e+01
5.479189599118058851e+01
5.479189599118058851e+01
5.367125965098220775e+01
5.163907812002342013e+01
5.222388587677304628e+01
5.078601097431806721e+01
5.001584194966026331e+01
5.001793127396804550e+01
5.002574659467665441e+01
5.086939732346354504e+01
5.075933520684975520e+01
5.087537592585438517e+01
5.068363992380746907e+01
5.033801162387212713e+01
5.087068008920616080e+01
5.033801162387212713e+01
4.987530652025622402e+01
5.006323103498934302e+01
5.001067246660785059e+01
5.013892631803162914e+01
5.075933520684975520e+01
5.034270746052035150e+01
5.075933520684975520e+01
5.127480552965003113e+01
5.141870591399776913e+01
5.114990392750582515e+01
5.097478961181773371e+01
5.244242862143671147e+01
5.166645675960239004e+01
5.274476402249512574e+01
5.292943714469154060e+01
5.328300387024845719e+01
5.434396586759098113e+01
5.479189599118058851e+01
5.479189599118058851e+01
5.479189599118058851e+01
5.479189599118058851e+01
5.479189599118058851e+01
5.479189599118058851e+01
5.479189599118058851e+01
5.316704184279205236e+01
5.479189599118058851e+01
5.249849017280717334e+01
5.259177849616270350e+01
5.121460779968194998e+01
5.054921548048510971e+01
5.031732726831132396e+01
4.960503460077303117e+01
4.972485003963908667e+01
4.971062056983152644e+01
4.989334898186060485e+01
4.976396163789981841e+01
4.975798303550897828e+01
5.075335660445891506e+01
4.976396163789981841e+01
5.075335660445891506e+01
4.976396163789981841e+01
4.909755142299694342e+01
4.781079756631913824e+01
4.813707248507342484e+01
4.748949391470852532e+01
4.734767978341885453e+01
4.706330662232990392e+01
4.712692185168366876e+01
4.728460070393870041e+01
4.878171565892851191e+01
4.862946237295298602e+01
5.098204401539929620e+01
5.088906903996114295e+01
5.088906903996114295e+01
5.089343998673151503e+01
5.180983217646358696e+01
5.163191199596169412e+01
5.228500478158537845e+01
5.282337390989710713e+01
5.295439149552448299e+01
5.356519641618777428e+01
5.323177254574995487e+01
5.367125965098220775e+01
5.212466382587612657e+01
5.200060553495364957e+01
5.182232842481771229e+01
5.116823936523167049e+01
5.114812848744447393e+01
5.111843093481078171e+01
5.069956406629646750e+01
5.111245233241994157e+01
4.900993781455875364e+01
4.839070515943877382e+01
4.847593532012150774e+01
4.849572440198699042e+01
4.816944948323270381e+01
4.781079756631913824e+01
4.744611531745789534e+01
4.748949391470852532e+01
4.666145116363201595e+01
4.684254869059471815e+01
4.712692185168366876e+01
4.740910438130506321e+01
4.631390196146215033e+01
4.647215131081348005e+01
4.594357190985871853e+01
4.594357190985871853e+01
4.446636896009511020e+01
4.577865515766978888e+01
4.416542689294353607e+01
4.425126392511177897e+01
4.429729980056551852e+01
4.385520798404298404e+01
4.440322571968334842e+01
4.545397376348608987e+01
4.443146189549013769e+01
4.560368971137310723e+01
4.563168834783735406e+01
4.632523120553835128e+01
4.639482865391445898e+01
4.865229486705478479e+01
4.893062450892193027e+01
4.929779273851491439e+01
4.943960686980458519e+01
4.784623766044595072e+01
4.855068839879589149e+01
4.712481166584728243e+01
4.766898343502946744e+01
4.680326529492168675e+01
4.684254869059471815e+01
4.684254869059471815e+01
4.684254869059471815e+01
4.690397328848092684e+01
4.712526737008972333e+01
4.744822550329428168e+01
4.789027751663826393e+01
4.781079756631913824e+01
4.789027751663826393e+01
4.816944948323270381e+01
4.840887426750622069e+01
4.781079756631913824e+01
4.781079756631913824e+01
4.926221760175106823e+01
4.770442352915627993e+01
4.944170712207201035e+01
5.022068813912488139e+01
5.079605025723775213e+01
5.130736103164136352e+01
5.130736103164136352e+01
5.081502813984799616e+01
5.166645675960239004e+01
5.111843093481078171e+01
5.133283669368312019e+01
5.244242862143671147e+01
5.210871383240951360e+01
5.172457340727608965e+01
5.177251999439682351e+01
5.164336425206960257e+01
5.171626519002327882e+01
5.166645675960239004e+01
5.244242862143671147e+01
5.159355582164871379e+01
5.132143560422795048e+01
5.025842331221247150e+01
5.129199459595221811e+01
4.994626081819421159e+01
5.059238388975138179e+01
4.981169268527102645e+01
5.087068008920616080e+01
5.081232074558401024e+01
5.152544002422101954e+01
5.159490214006570596e+01
5.177319086982564045e+01
5.177319086982564045e+01
5.164336425206960257e+01
5.166645675960239004e+01
5.171626519002327882e+01
5.164336425206960257e+01
5.166645675960239004e+01
5.159355582164871379e+01
5.166645675960239004e+01
5.244242862143671147e+01
5.282337390989710713e+01
5.251569945774249248e+01
5.328300387024845719e+01
5.267157112295781474e+01
5.372249097548071006e+01
5.367541419760609500e+01
5.399692046208047458e+01
5.434396586759098113e+01
5.410298369687490805e+01
5.547857556868100914e+01
5.410298369687490805e+01
5.555158069709868585e+01
5.547857556868100914e+01
5.624533682454966765e+01
5.624533682454966765e+01
5.593769559580544382e+01
5.650374762150726582e+01
5.580999149405628401e+01
5.657891866187490137e+01
5.737415763152409909e+01
5.756698150631159905e+01
5.785320873710348621e+01
5.839090790627906102e+01
5.904199587390187531e+01
5.861022374086881825e+01
5.951134890210524020e+01
5.901560257127412967e+01
5.914386532478754077e+01
5.807198703850487931e+01
5.651588454280981466e+01
5.702775759113833232e+01
5.585463114316635824e+01
5.624533682454966765e+01
5.580999149405628401e+01
5.683002562591369156e+01
5.580999149405628401e+01
5.605534843022530822e+01
5.665155577779499652e+01
5.555158069709868585e+01
5.657891866187490137e+01
5.650374762150726582e+01
5.657891866187490137e+01
5.650374762150726582e+01
5.737415763152409909e+01
5.776027253023085706e+01
5.776027253023085706e+01
5.790808068651858775e+01
5.798475559995117123e+01
5.792434197995863343e+01
5.810653847501782820e+01
5.792434197995863343e+01
5.800101689339121691e+01
5.792434197995863343e+01
5.800101689339121691e+01
5.812527238722528011e+01
5.839090790627906102e+01
5.971885437291488330e+01
5.976502635878218683e+01
6.101914748556414025e+01
6.070789508290571490e+01
6.174084741205017224e+01
6.101558461711788084e+01
6.098798611762065036e+01
6.179234343103067317e+01
6.337228106123719584e+01
6.371235560074865134e+01
6.371235560074865134e+01
6.419122171922546727e+01
6.355665900263281998e+01
6.440444238539799926e+01
6.419122171922546727e+01
6.344929139351511083e+01
6.161701633529595057e+01
6.341953234042212983e+01
6.079626540651650402e+01
6.180871082204981803e+01
6.153795680171049298e+01
6.169528584739987309e+01
6.160576294474905268e+01
6.199478916836913100e+01
6.173314326164696553e+01
6.210821414301907595e+01
6.286509866154254667e+01
6.307779288415608931e+01
6.307779288415608931e+01
6.307779288415608931e+01
6.307779288415608931e+01
6.344929139351511083e+01
6.307779288415608931e+01
6.344929139351511083e+01
6.307779288415608931e+01
6.429707477628029721e+01
6.344929139351511083e+01
6.344929139351511083e+01
6.355665900263281998e+01
6.344929139351511083e+01
6.261683931458878760e+01
6.247971265237809746e+01
6.339045179438507205e+01
6.443074215531719062e+01
6.453011971909256772e+01
6.505680024634440883e+01
6.528683292173549546e+01
6.381121858430104510e+01
6.383450608679902416e+01
6.349753229416271694e+01
6.408385411010773680e+01
6.339016468504500779e+01
6.408385411010773680e+01
6.355665900263281998e+01
6.408385411010773680e+01
6.440444238539799926e+01
6.455163435794851523e+01
6.465900196706621728e+01
6.569097979443655788e+01
6.485404856076223723e+01
6.599383133140196378e+01
6.650392944014048169e+01
6.652893389293967630e+01
6.680678097710588759e+01
6.680678097710588759e+01
6.701093266563530904e+01
6.701093266563530904e+01
6.791886522502015566e+01
6.813733283604314295e+01
6.820992333328784696e+01
6.844950034658565130e+01
6.919734450164970951e+01
6.849023006821329318e+01
6.890718731830411059e+01
6.957662953177644738e+01
7.046512319681214365e+01
6.957662953177644738e+01
7.051574126255219710e+01
6.996557403111175688e+01
7.051574126255219710e+01
6.996557403111175688e+01
6.962724759751650083e+01
6.996557403111175688e+01
6.888381084872743543e+01
6.957662953177644738e+01
6.962724759751650083e+01
6.957662953177644738e+01
6.962724759751650083e+01
7.002759841209126535e+01
7.079833416628204645e+01
7.051574126255219710e+01
6.881802901932496752e+01
6.888005503272447072e+01
6.888005503272447072e+01
6.827325766021513687e+01
6.840193416481611166e+01
6.846891906901080915e+01
6.755717478372663720e+01
6.842271787724185117e+01
6.772944884576843094e+01
6.826292437202631902e+01
6.731471677285510680e+01
6.642580785209264604e+01
6.532147613355274984e+01
6.404511375212725000e+01
6.281326955331350348e+01
6.229000779839800828e+01
6.199312508409664702e+01
6.197993259575139291e+01
6.210821414301907595e+01
6.269012188481706715e+01
6.371235560074865134e+01
6.408051354372828712e+01
6.433507312539653356e+01
6.465900196706621728e+01
6.481393924387325001e+01
6.603103576227826466e+01
6.622608235597429882e+01
6.752131718962392881e+01
6.788867595310141212e+01
6.749033043344743987e+01
6.741957112973155120e+01
6.552196375978407161e+01
6.498252800568521081e+01
6.613036989395415333e+01
6.586360369552383531e+01
6.528851700344974063e+01
6.540428606618822016e+01
6.428411226216336161e+01
6.533132187682063829e+01
6.479492185229213419e+01
6.423794806781017996e+01
6.440994209492156131e+01
6.355665900263281998e+01
6.355665900263281998e+01
6.429707477628029721e+01
6.470657163475554796e+01
6.470657163475554796e+01
6.569097979443655788e+01
6.686886184849571180e+01
6.752906237930493205e+01
6.805027683917073489e+01
6.848070372630417069e+01
6.875258813579962691e+01
6.870808294138731753e+01
6.876741095358491407e+01
6.853561572780147060e+01
6.887769797739969135e+01
6.865984510422566700e+01
6.743497168905898320e+01
6.770903636925837077e+01
6.751215716951908519e+01
6.818102560287888991e+01
6.767162215430049343e+01
6.927518535906278885e+01
7.092566083472173943e+01
7.107574794884402536e+01
7.234948183976749192e+01
7.199575135707509332e+01
7.222375858207115584e+01
7.251972864964689336e+01
7.265124817362476506e+01
7.408943477313688675e+01
7.436658196289562284e+01
7.482200927109272470e+01
7.500901849454491810e+01
7.599804517595863729e+01
7.372477892422092793e+01
7.505618438571298157e+01
7.542007049463164492e+01
7.585820184367450736e+01
7.645165532465325953e+01
7.509164289503662815e+01
7.388883504783896683e+01
7.382503932736821639e+01
7.495831708333518861e+01
7.437541158205590364e+01
7.437541158205590364e+01
7.407470762980243251e+01
7.688077060243686844e+01
7.688077060243686844e+01
7.706896114373502371e+01
7.777202813938977499e+01
7.773317126373135011e+01
7.857460417521170370e+01
7.784215085285917723e+01
7.874422505810115069e+01
7.806724283432217248e+01
7.814425955265781454e+01
7.815390828990389593e+01
8.049122319792220992e+01
7.878278742912780785e+01
7.873403963096619407e+01
7.746257135414290929e+01
7.439213074229330402e+01
7.522380212331901816e+01
7.640668112770413245e+01
7.600008164295719837e+01
7.478486555244229805e+01
7.394115560987278002e+01
7.380440689620071737e+01
7.347187382396027999e+01
7.275974798362496188e+01
7.424262960134585398e+01
7.476070096967103495e+01
7.484163967149336827e+01
7.523165909112660188e+01
7.504851734050360790e+01
7.504851734050360790e+01
7.470523980149089027e+01
7.292790314172852106e+01
7.501013678728917000e+01
7.487735480657912035e+01
7.432820140968118494e+01
7.384526108955969903e+01
7.347187382396027999e+01
7.339335489611399055e+01
7.315208261979802273e+01
7.322243800634213073e+01
7.291957060396231327e+01
7.549310199774409114e+01
7.578810820429919204e+01
7.677563226376369698e+01
7.706159539281769355e+01
7.706159539281769355e+01
7.696718211208467153e+01
7.695159063082705586e+01
7.691434698539650583e+01
7.566377672329907966e+01
7.712878786205908455e+01
7.686087257995625066e+01
7.701364414276838488e+01
7.573915950546523845e+01
7.322073156991692144e+01
7.526581404241980522e+01
7.269998621149412088e+01
7.202499594755761336e+01
7.137908220880119359e+01
7.037402478717193333e+01
7.167386386271522269e+01
7.178485505175848402e+01
7.263014869204253898e+01
7.263014869204253898e+01
7.262894758064578582e+01
7.307743326862028255e+01
7.475958267692678305e+01
7.475958267692678305e+01
7.486150811705141450e+01
7.504851734050360790e+01
7.411308818301687040e+01
7.304631165702377871e+01
7.347187382396027999e+01
7.268813989964708355e+01
7.239626676523840842e+01
7.239626676523840842e+01
7.262571330548114190e+01
7.177969627565128974e+01
7.181919512160997954e+01
7.159759554679718008e+01
7.080779300538041809e+01
7.080779300538041809e+01
7.094926911744647668e+01
6.908937054872552608e+01
6.955650687731883863e+01
7.078708279195275566e+01
7.046287832317325694e+01
7.034867475934919412e+01
7.169265249524625006e+01
7.218578108554166306e+01
7.268114746825258976e+01
7.431279719466817824e+01
7.469309686705122431e+01
7.475552346121716596e+01
7.574455014263088515e+01
7.585053479846513369e+01
7.619536962300320226e+01
7.679231255379787058e+01
7.760603474722297790e+01
7.770618150094122711e+01
7.749602998523234021e+01
7.719786822152845218e+01
7.626583433478923268e+01
7.634474301210288161e+01
7.680312399501079312e+01
7.664880690789198070e+01
7.749602998523234021e+01
7.839810419047431367e+01
7.765103395637069639e+01
7.793498064503668843e+01
7.770631612962446866e+01
7.770721733167366096e+01
7.898806544908060800e+01
7.889112263945685299e+01
7.879230793978537406e+01
7.875320887886984167e+01
8.051039244582585752e+01
8.050984156809560943e+01
8.182165846285411703e+01
8.229143319556223446e+01
8.089429638880957896e+01
8.298654627127942263e+01
8.461638757481205175e+01
8.461638757481205175e+01
8.500810187023451192e+01
8.500810187023451192e+01
8.500810187023451192e+01
8.514390010997644254e+01
8.455456215324772984e+01
8.514390010997644254e+01
8.412241789104942313e+01
8.500810187023451192e+01
8.412241789104942313e+01
8.180193943042968385e+01
8.142521830752895085e+01
8.089429638880957896e+01
8.058368992701099387e+01
8.082099890762444261e+01
7.939113863996797704e+01
8.058368992701099387e+01
8.051039244582585752e+01
8.051039244582585752e+01
8.051039244582585752e+01
7.822378915292395618e+01
7.815390828990389593e+01
7.801746160970246535e+01
7.797973507086189215e+01
7.794015805303880029e+01
7.778613481854722522e+01
7.640896750341507015e+01
7.528351706689888090e+01
7.153338010647594558e+01
7.277266390996179268e+01
7.216468205588448370e+01
7.075878757868514413e+01
7.084354957800545094e+01
7.189068746469455107e+01
7.025347586391967525e+01
6.904733467185600659e+01
6.985225088206701116e+01
6.973773969224062341e+01
6.678204813741974988e+01
6.657450468197963289e+01
6.611282869777031124e+01
6.595979615394304574e+01
6.443414285963621069e+01
6.415071175005915904e+01
6.229777075122857610e+01
6.224498915629256857e+01
6.205327647990017681e+01
5.981474571409904684e+01
5.968311624555560968e+01
5.917083209572516722e+01
5.871571392495203412e+01
5.812131630681778205e+01
5.836037513650077813e+01
5.842856394901239270e+01
5.979700210917459202e+01
5.951339771886947716e+01
6.095820486907285840e+01
6.158671314031039401e+01
5.920125502646632754e+01
6.186358445081554436e+01
6.058495794086888964e+01
6.024043689840513593e+01
5.928034694656824399e+01
6.077979531618984055e+01
5.978243284314215344e+01
5.853515985978501135e+01
5.867850958191559840e+01
5.823228119047909246e+01
5.636419097531589983e+01
5.624074604187311621e+01
5.415477173257815480e+01
5.294073876026061498e+01
5.205635816359610146e+01
5.204278664325554615e+01
5.116823936523167049e+01
5.309033320983516546e+01
5.322529221248709774e+01
5.313095641934530988e+01
5.547857556868100914e+01
5.688169590114809182e+01
5.688169590114809182e+01
5.697599351208904750e+01
5.837464661283901535e+01
5.954571052419242960e+01
5.867879972275515854e+01
5.903340478320487961e+01
5.953529025306159639e+01
5.890832192625342145e+01
5.916449125306792212e+01
5.907274083109280127e+01
6.121101015261191947e+01
6.161329724117229034e+01
6.223826427188514998e+01
6.085218042548857653e+01
6.107504445715390773e+01
6.112236891624425539e+01
6.160576294474905268e+01
5.968311624555560968e+01
5.988606412285637504e+01
6.072694488734437357e+01
6.128762856799384906e+01
6.109326982652613935e+01
6.163082816496284977e+01
6.200193404006514442e+01
6.225336583552784475e+01
6.194129678997210675e+01
6.210821414301907595e+01
6.092989276464513893e+01
6.180871082204981803e+01
6.160576294474905268e+01
6.180871082204981803e+01
6.199478916836913100e+01
6.296436790950614437e+01
6.307779288415608931e+01
6.443074215531719062e+01
6.557861223262666783e+01
6.577865877901489000e+01
6.680678097710588759e+01
6.668050929306330943e+01
6.680678097710588759e+01
6.452783709065866447e+01
6.518213174573033086e+01
6.538444609716087541e+01
6.498578040227454267e+01
6.377834755369686093e+01
6.424115117909144601e+01
6.419122171922546727e+01
6.429707477628029721e+01
6.450025295373494316e+01
6.516416785546212509e+01
6.500898583756926996e+01
6.550308096801869340e+01
6.616387347229881755e+01
6.622608235597429882e+01
6.668050929306330943e+01
6.680678097710588759e+01
6.680678097710588759e+01
6.779916427379014010e+01
6.806083307028866614e+01
6.729732354468586664e+01
6.754008435944146527e+01
6.734320515970217969e+01
6.735180246737886023e+01
6.679950623924436570e+01
6.834418576406311274e+01
6.830981182489448145e+01
6.907387331178681222e+01
6.924511903335351803e+01
6.945151969017638294e+01
6.990248857049120090e+01
7.074771610054199300e+01
7.079833416628204645e+01
7.142131096584570571e+01
7.074992004411029711e+01
7.216256930759234933e+01
7.118342223308204098e+01
7.111643732888734348e+01
7.111643732888734348e+01
7.070180834954616955e+01
7.374161981193084614e+01
7.212595621349990438e+01
7.441697482439796829e+01
7.186306184801769348e+01
7.180165460868433058e+01
7.240036477538697568e+01
7.149709159283277415e+01
7.144402155953439149e+01
7.264114578725437354e+01
7.158303661111442295e+01
7.148859373181863930e+01
7.168711561730553683e+01
7.098560467743965319e+01
7.145100053550306995e+01
7.167386386271522269e+01
7.217805634125785730e+01
7.263014869204253898e+01
7.450594820514209005e+01
7.375766770956447260e+01
7.307743326862028255e+01
7.351025437717471789e+01
7.285930243357157110e+01
7.064938383190539639e+01
6.983933201138755464e+01
6.905109085997536056e+01
6.994418782567944959e+01
6.995421363827956895e+01
6.926021853732893874e+01
6.831253118464368868e+01
6.607756532925577631e+01
6.424674935686536514e+01
6.407883279068225590e+01
6.238062168339137514e+01
6.229347776840393180e+01
6.396876505118524392e+01
6.371235560074865134e+01
6.307779288415608931e+01
6.238211581850325871e+01
6.341953234042212983e+01
6.344929139351511083e+01
6.224534080522976609e+01
6.301895328502605054e+01
6.274896148394710593e+01
6.443074215531719062e+01
6.523855626478496106e+01
6.453011971909256772e+01
6.668050929306330943e+01
6.650392944014048169e+01
6.680678097710588759e+01
6.695534000551360521e+01
6.553055775023078411e+01
6.471112904632992979e+01
6.374556944153067661e+01
6.366356681509924442e+01
6.359726654182622241e+01
6.422409442878711161e+01
6.433841369177598324e+01
6.577647618061003243e+01
6.697898118794653044e+01
6.652893389293967630e+01
6.700366017684515896e+01
6.629335696357091479e+01
6.496359447650952745e+01
6.224820506550746302e+01
6.179527218982340031e+01
6.214848322780964907e+01
6.167734864141809226e+01
6.291939692772238857e+01
6.307779288415608931e+01
6.224534080522976609e+01
6.255799971545874882e+01
6.255799971545874882e+01
6.301895328502605054e+01
6.307779288415608931e+01
6.187803134122194848e+01
6.037986140550219005e+01
5.973892413599983087e+01
5.599694258041098749e+01
5.732262444990791295e+01
5.714470954439797623e+01
5.681682856789594638e+01
5.859380859932704055e+01
5.800101689339121691e+01
5.825714872981142634e+01
5.898564987912009627e+01
5.910532750581499783e+01
5.861022374086881825e+01
6.018820740111824819e+01
5.965299914018295624e+01
5.914386532478754077e+01
5.966355300657500749e+01
5.952251186898668323e+01
6.000959402706357793e+01
5.970342734423850573e+01
6.007938681166817929e+01
5.928745694593856541e+01
5.920647139466284159e+01
6.083447143475900276e+01
6.176328070418350791e+01
5.917495828734416818e+01
6.224599516694508594e+01
6.446302598655486804e+01
6.334992522063793530e+01
6.150964872617824142e+01
6.221977079748798900e+01
6.530876782406444647e+01
6.493644411952196549e+01
6.444273170699378284e+01
6.468189960449954867e+01
6.513396794238880716e+01
6.485404856076223723e+01
6.409816047629207958e+01
6.266508021523639371e+01
6.266536732457645797e+01
6.247971265237809746e+01
6.100817982772579029e+01
6.092989276464513893e+01
5.823812997633736188e+01
5.921384699898528226e+01
5.939757375746921753e+01
5.823513233269409994e+01
5.756931028493290370e+01
5.881825655117983587e+01
5.901560257127412967e+01
6.005660008272372608e+01
5.885229160084600153e+01
5.919671575363300775e+01
5.948243982421612941e+01
5.906136400896320993e+01
5.991201445398417036e+01
5.874401515994983924e+01
6.029866794270090935e+01
6.063724244212949799e+01
6.134572733460273497e+01
6.163478466581695159e+01
6.085218042548857653e+01
6.085218042548857653e+01
6.091352537362599406e+01
5.979645333218922332e+01
6.050408085567904237e+01
6.141620329594182692e+01
6.208741422062394832e+01
6.201025439835316888e+01
6.167701076490792644e+01
6.223781556109051394e+01
6.231609329480951232e+01
6.224534080522976609e+01
6.210821414301907595e+01
6.214607155726616838e+01
6.301895328502605054e+01
6.274896148394710593e+01
6.224534080522976609e+01
6.301895328502605054e+01
6.408051354372828712e+01
6.453011971909256772e+01
6.455163435794851523e+01
6.481393924387325001e+01
6.481393924387325001e+01
6.485404856076223723e+01
6.465900196706621728e+01
6.355665900263281998e+01
6.355665900263281998e+01
6.505347479265444122e+01
6.488034833068142859e+01
6.557861223262666783e+01
6.650392944014048169e+01
6.680678097710588759e+01
6.608377958915031058e+01
6.680678097710588759e+01
6.650392944014048169e+01
6.800331596231956155e+01
6.813006034725300708e+01
6.895336008207689815e+01
6.853473526262560256e+01
6.771569964470307923e+01
6.939465532401399628e+01
6.957662953177644738e+01
6.850005159901013485e+01
6.881802901932496752e+01
6.847596964293931876e+01
6.743296828051502700e+01
6.865040385244623167e+01
7.005039112389883371e+01
6.850005159901013485e+01
6.765451442719076169e+01
6.814572074054365203e+01
6.743218921989824821e+01
6.558403328718107161e+01
6.510485987095054838e+01
6.391444000388999314e+01
6.427330884050950033e+01
6.375209187583094206e+01
6.381048720799875440e+01
6.381121858430104510e+01
6.261683931458878760e+01
6.221977079748798900e+01
6.037986140550219005e+01
5.963061766263543007e+01
5.888617014325002685e+01
5.868451910939613470e+01
5.733896308710558287e+01
5.785765578985545687e+01
5.484049034373604314e+01
5.464485691140014723e+01
5.588479452192633801e+01
5.540771986682630512e+01
5.459402852679381368e+01
5.379339504507617420e+01
5.393821895092026608e+01
5.547857556868100914e+01
5.617233169613199095e+01
5.723339966898636533e+01
5.747690365728075790e+01
5.777653382367090273e+01
5.848562058896362004e+01
5.850188188240366571e+01
5.852570140417391542e+01
5.762880657977177634e+01
5.754678484976982134e+01
5.539456500628637770e+01
5.405193156052050796e+01
5.270375829981369975e+01
5.220147314253664916e+01
5.171626519002327882e+01
5.122614287954456813e+01
5.124816476792216946e+01
4.830923330141585126e+01
3.901016829157533294e+01
3.899188584554069337e+01
3.502007665434512518e+01
2.974034229450902700e+01
3.257876835602051102e+01
2.823285024129717158e+01
2.880160455199778724e+01
2.499533570349318623e+01
2.462549189969110941e+01
2.559438168980821615e+01
2.242464404098254249e+01
2.432917078776262443e+01
2.583901779300901680e+01
2.376779673250301173e+01
2.286963321622214806e+01
1.940853882211493797e+01
1.590756798935584548e+01
1.614627276688905155e+01
2.072506694835685082e+01
2.511915667520756656e+01
2.286258071437920236e+01
2.219543831033987047e+01
2.493228509311989072e+01
2.034338094698381028e+01
2.054127993446249789e+01
2.217302697365280650e+01
1.989010769312243809e+01
1.892421527497818090e+01
1.968959748111722874e+01
1.757717676553239983e+01
1.138000749931218181e+01
1.433986530284142979e+01
1.544791542289813435e+01
1.586336064191072914e+01
1.538799088464436160e+01
1.559508814273213240e+01
1.787799446886461752e+01
1.800616465484472428e+01
1.848727930438011668e+01
2.027682402355977587e+01
2.580073259106849548e+01
2.508145278503770470e+01
2.464068082554238615e+01
2.529265822498336291e+01
2.649412713458951174e+01
2.747577643449974971e+01
2.904638171327900054e+01
2.960359345526146413e+01
3.223162670259132057e+01
3.274924335102274142e+01
3.432665277827237560e+01
3.444853913065689710e+01
3.397915075758901082e+01
3.389657255847076556e+01
3.383318555042549036e+01
3.321761678430632259e+01
3.385755475492631206e+01
3.385755475492631206e+01
3.568610885456039483e+01
3.710057773535256587e+01
3.739110739923479088e+01
3.949447201480660397e+01
4.039373157428162386e+01
4.057986000081897515e+01
4.062177622081772910e+01
4.061903736551693100e+01
3.826222737324980727e+01
3.837705139921936848e+01
3.975177502255798601e+01
4.049794726237632858e+01
4.035753363947653582e+01
4.097128957007230809e+01
4.195732101353835475e+01
4.219760605042688439e+01
4.296549067832950897e+01
4.163889025052434789e+01
4.177458966743918722e+01
4.110116776349806145e+01
4.119313485559501942e+01
4.096132582766396979e+01
4.210845790148313483e+01
4.271437486128897376e+01
4.296549067832950897e+01
4.302464838193471053e+01
4.332046916948366544e+01
4.370220357707135861e+01
4.302455387739274784e+01
4.349182875386743063e+01
4.324883522009500325e+01
4.313415519214184712e+01
4.405286669187655235e+01
4.371950448063580552e+01
4.326483891428128459e+01
4.326450056255792020e+01
4.467870601352899484e+01
4.422432573083094809e+01
4.324112801462687372e+01
4.345636916127510574e+01
4.343192815430776932e+01
4.318754002063873543e+01
4.281232559348558908e+01
4.359499290949448636e+01
4.322270858331459209e+01
4.423202391359234298e+01
4.408909880819174987e+01
4.420025343327787937e+01
4.476876778482426289e+01
4.431438750212621613e+01
4.436780851753851351e+01
4.434865990870328289e+01
4.442445655747552991e+01
4.409635434387555364e+01
4.421402861103082671e+01
4.449815834993174235e+01
4.532778339832655234e+01
4.565459187255881801e+01
4.470288352102362950e+01
4.439284362394081285e+01
4.420356055339827606e+01
4.553368380513829550e+01
4.551809698223737399e+01
4.449109246967238107e+01
4.549958219454094888e+01
4.590533498479284447e+01
4.366156399718335024e+01
4.349245720836325546e+01
4.168080783147259893e+01
4.110114460733755948e+01
3.948472387540920892e+01
4.023736663690220183e+01
3.932381155374742576e+01
3.859202336030645597e+01
3.822618944956111875e+01
3.991287565291110440e+01
3.842094317073593146e+01
3.991287565291110440e+01
4.049794726237632858e+01
4.178624082396783024e+01
4.195732101353835475e+01
4.114632908096105979e+01
4.125153992336250042e+01
4.118579626280894246e+01
4.066902745194685309e+01
4.066902745194685309e+01
4.066902745194685309e+01
4.112242645801708818e+01
4.104538263990914970e+01
4.052861382904706034e+01
4.081850987938127417e+01
3.821035986156459785e+01
3.980448911380123889e+01
4.041576792483763825e+01
4.054382581240263761e+01
4.097128957007230809e+01
4.160608739033062164e+01
4.042603561341577034e+01
4.136284904094419090e+01
4.148805838093439036e+01
4.097128957007230809e+01
4.136284904094419090e+01
4.118579626280894246e+01
4.148805838093439036e+01
4.104538263990914970e+01
4.118579626280894246e+01
4.118579626280894246e+01
3.899249036590293827e+01
4.066143152529462412e+01
3.795710033445538301e+01
3.705643763659509204e+01
3.599863295157177845e+01
3.726540768491355493e+01
3.787617522259219527e+01
3.988929013831720027e+01
4.003380873208864443e+01
3.817832061379105113e+01
4.012875302272178857e+01
4.178624082396783024e+01
4.214422122192999609e+01
4.226182165907577115e+01
4.198618222663007771e+01
4.296549067832950897e+01
4.266099003279208546e+01
4.296549067832950897e+01
4.293424700751551626e+01
4.371950448063580552e+01
4.389824215192737711e+01
4.525479735142445747e+01
4.585730528423687247e+01
4.631010422883474575e+01
4.709051472746416067e+01
4.667960985039257338e+01
4.691637649846874325e+01
4.690397328848092684e+01
4.754699836648344302e+01
4.859402227882617353e+01
4.859402227882617353e+01
4.873583641011584433e+01
4.873583641011584433e+01
5.018524804499806891e+01
4.989932758425144499e+01
5.022666674151572153e+01
5.130736103164136352e+01
5.108561012560404180e+01
4.998987124768276402e+01
5.124218616553132932e+01
5.087068008920616080e+01
5.098059088305582520e+01
5.076370615362012728e+01
5.095074631901881901e+01
5.100632359093097534e+01
5.026385506267289571e+01
5.250146650309325480e+01
5.304407285230529112e+01
5.293463309372064174e+01
5.547857556868100914e+01
5.479189599118058851e+01
5.555158069709868585e+01
5.547857556868100914e+01
5.555158069709868585e+01
5.498255395401812962e+01
5.417598882529258475e+01
5.547857556868100914e+01
5.547857556868100914e+01
5.555158069709868585e+01
5.555158069709868585e+01
5.555158069709868585e+01
5.555158069709868585e+01
5.555158069709868585e+01
5.486490111959826521e+01
5.555158069709868585e+01
5.624533682454966765e+01
5.723339966898636533e+01
5.797752321484452409e+01
5.824309974999133033e+01
5.861022374086881825e+01
5.982596897527346869e+01
6.017858633769007071e+01
6.106702545852292729e+01
6.081835562448837607e+01
6.171961016836378633e+01
6.302015864882052654e+01
6.309536563896971018e+01
6.408051354372828712e+01
6.389889756887937011e+01
6.312045999330612744e+01
6.440444238539799926e+01
6.470657163475554796e+01
6.557861223262666783e+01
6.622608235597429882e+01
6.646672500926420923e+01
6.543474718189385442e+01
6.426720338739278304e+01
6.488644115809363200e+01
6.584288517211712133e+01
6.744802485346565391e+01
6.772792456059221422e+01
6.709317185615643098e+01
6.748089730601712688e+01
6.905861272866543743e+01
6.842888833700929752e+01
6.837953836930022078e+01
6.881802901932496752e+01
6.816806219226008068e+01
6.402412625728901219e+01
6.452965291611702980e+01
6.406512945286773686e+01
6.110844348664964087e+01
6.308424710700420235e+01
6.181866434897998630e+01
6.317416799670317573e+01
6.333586641886516588e+01
6.282636108869338898e+01
6.357364844745510624e+01
6.344929139351511083e+01
6.307779288415608931e+01
6.224952985058096999e+01
6.241055781358051746e+01
6.247971265237809746e+01
6.203905930422149595e+01
6.210821414301907595e+01
6.269012188481706715e+01
6.512900605726238723e+01
6.557861223262666783e+01
6.541513611770778880e+01
6.680678097710588759e+01
6.595750790510773243e+01
6.458696379912876750e+01
6.477810003790114024e+01
6.557793482485426750e+01
6.519272013157033996e+01
6.622608235597429882e+01
6.650392944014048169e+01
6.779916427379014010e+01
6.780741456106461840e+01
6.889447565430235443e+01
6.849023006821329318e+01
6.853473526262560256e+01
6.875870100712737099e+01
6.887769797739969135e+01
6.957662953177644738e+01
6.777502765690067577e+01
6.946526889124173465e+01
6.962724759751650083e+01
6.843185124880992021e+01
6.782564572264072922e+01
6.690537361923747994e+01
6.723531002015896263e+01
6.752857026175067290e+01
6.818265916956093520e+01
6.787662533737403692e+01
6.933100646046646887e+01
6.945151969017638294e+01
6.985187050475114745e+01
7.051574126255219710e+01
7.051574126255219710e+01
7.041159361051505527e+01
7.113666059987728829e+01
7.165837682904971473e+01
7.088195611972163590e+01
7.150576010713457720e+01
7.173941412845101695e+01
7.208722908965705756e+01
7.263014869204253898e+01
7.315400561565013504e+01
7.315483390372232009e+01
7.307743326862028255e+01
7.465084673716823715e+01
7.475958267692678305e+01
7.479908152288547285e+01
7.603754402191732709e+01
7.637888939663947951e+01
7.509456493892741946e+01
7.573540093207527946e+01
7.665973053642132129e+01
7.622039398194711168e+01
7.733067210953721826e+01
7.749602998523234021e+01
7.672442761348899865e+01
7.381152198799176745e+01
7.495005305832088993e+01
7.690917295475287574e+01
7.592568619949000208e+01
7.705842140988247024e+01
7.637701715592028506e+01
7.577378148528971735e+01
7.493545632397665202e+01
7.082623412884090897e+01
7.146585710299886784e+01
7.158856945840462060e+01
7.197228837322683148e+01
7.354673520819541466e+01
7.481719967723896048e+01
7.480652223742721674e+01
7.500951758886405685e+01
7.603754402191732709e+01
7.688077060243686844e+01
7.439003806724606704e+01
7.411973733364435191e+01
7.335701950077823597e+01
7.290465690420107592e+01
7.126455242754416020e+01
6.970473393524152073e+01
7.153054708851946941e+01
7.162847753442189003e+01
7.126905161924442211e+01
7.155507954169419804e+01
7.132205077571549623e+01
6.994528720603879890e+01
6.900282947744369721e+01
6.822549101904272106e+01
6.690487452491834119e+01
6.860439262168628716e+01
6.950946477965035797e+01
7.091068473854427623e+01
6.962621869082148862e+01
7.196293975471860449e+01
7.241239075051437624e+01
7.202217791824040205e+01
7.317648478804261458e+01
7.295677041658670703e+01
7.232537652777624260e+01
7.275737699344693965e+01
7.262571330548114190e+01
7.208202198097983171e+01
7.219321374549130610e+01
7.258546354708944648e+01
7.265715646564223107e+01
7.462098585254906880e+01
7.469941133204555683e+01
7.469309686705122431e+01
7.347541189068057577e+01
7.343285374207268035e+01
7.546783341252765354e+01
7.604851487719901115e+01
7.651990579379766189e+01
7.821570258113609952e+01
7.760603474722297790e+01
7.796541266374256907e+01
7.789612376937826355e+01
7.874422505810115069e+01
8.006562474914730387e+01
8.267359848052682025e+01
8.139519596264126733e+01
8.174227514299636255e+01
8.229143319556223446e+01
8.375822268243737767e+01
8.375822268243737767e+01
8.375822268243737767e+01
8.375822268243737767e+01
8.469670510171511069e+01
8.375822268243737767e+01
8.500810187023451192e+01
8.461638757481205175e+01
8.460062210436231567e+01
8.500810187023451192e+01
8.514390010997644254e+01
8.500810187023451192e+01
8.451413218647188330e+01
8.437833394672995269e+01
8.386667022608911282e+01
8.387103051013433230e+01
8.375822268243737767e+01
8.180193943042968385e+01
8.035323202779164831e+01
8.298654627127942263e+01
8.319186855567848227e+01
8.379773302894919595e+01
8.350247501747706735e+01
8.414993697785983784e+01
8.350247501747706735e+01
8.229143319556223446e+01
8.335203075628426461e+01
8.141022513500722368e+01
8.298654627127942263e+01
8.109961867320863860e+01
8.082099890762444261e+01
8.293168747444114786e+01
8.342917753629193101e+01
8.229143319556223446e+01
6.769590386170942509e+01
7.403066263421773385e+01
7.533050100772751989e+01
7.216194413217363035e+01
7.147237129950153189e+01
6.966284439897864900e+01
7.189361443573891108e+01
7.421456921024308429e+01
7.539001537782702655e+01
7.396435886931480752e+01
7.533639489068924888e+01
7.441703723452509678e+01
7.324584451862047274e+01
7.308957620305996272e+01
7.443783817622184529e+01
7.326081855955656863e+01
7.183706034333432910e+01
7.333909184325023034e+01
7.406383291191380636e+01
7.506060243775422691e+01
7.485975248909336699e+01
7.534786164996259572e+01
7.729715866557305048e+01
7.713379321607992267e+01
7.717440878291876061e+01
7.788100772851760212e+01
7.864319400348188083e+01
7.983167642893303650e+01
8.124873436219637313e+01
8.166014218176195527e+01
8.119003007246638504e+01
8.410045882861440703e+01
8.461638757481205175e+01
8.500810187023451192e+01
8.728891562140181293e+01
8.750998096491169065e+01
8.799830584280107360e+01
8.853465369856223788e+01
8.916215664478390579e+01
9.034112382862100787e+01
8.946299911423022877e+01
9.044724188110494367e+01
9.095067102425414873e+01
8.995388263419732766e+01
9.165699190188618672e+01
9.196661396437281155e+01
9.086098738931309526e+01
9.151420906115795617e+01
9.330707732669401366e+01
9.618647664602806913e+01
9.705919037184821718e+01
9.639249345652901013e+01
9.498302492690740451e+01
9.634198256752060274e+01
9.667870341398517553e+01
9.917162000654519716e+01
9.853744213458602985e+01
9.842750881582433919e+01
9.554216662550523154e+01
9.672231293676836117e+01
9.828628426899824433e+01
9.922218625611587584e+01
9.994503385673149864e+01
1.002993865536615061e+02
9.948141598982934397e+01
1.012847045044805867e+02
1.093263526846918126e+02
1.149652530175830236e+02
1.137078986793100626e+02
1.211948029083082616e+02
1.250222678083271717e+02
1.308683038629134501e+02
1.180922317161543020e+02
1.212443661824287204e+02
1.200766300208954647e+02
1.144139661560988799e+02
1.121356032233451430e+02
1.111794954197837342e+02
1.095724749990774569e+02
1.110917645813755144e+02
1.174880169433914432e+02
1.185087648220308836e+02
1.269299323924307998e+02
1.232316129649916405e+02
1.236251211370023384e+02
1.194843126925158430e+02
1.168676032802630971e+02
1.150597993156002730e+02
1.117080435298013583e+02
1.119152180817246034e+02
1.091389782938984609e+02
1.062154640561960548e+02
1.034094551570541540e+02
1.033512463363110783e+02
1.018836397888537846e+02
9.773076455095585402e+01
1.035535786853228188e+02
1.069391766895636380e+02
1.086747300442878554e+02
1.097559203823683305e+02
1.070242893655630496e+02
1.084180318448869400e+02
1.084122933998348373e+02
1.044810741473500144e+02
1.027216288275525642e+02
1.046579661839090534e+02
1.031344793443607273e+02
1.051504066375574382e+02
1.079619423875435444e+02
1.075428539918427759e+02
1.056839922791167936e+02
1.101654857116339201e+02
1.110743061573785582e+02
1.109211101830587296e+02
1.093256717198792529e+02
1.066546311998011021e+02
1.082139095780707692e+02
1.086020331514601196e+02
1.121821938379835757e+02
1.128961809473628932e+02
1.123051687590486551e+02
1.120914763379992252e+02
1.138378114364104050e+02
1.123747538632321863e+02
1.132325126118259107e+02
1.136717576810653298e+02
1.146562410810942083e+02
1.190890737939628536e+02
1.191836388952430923e+02
1.235735999936159573e+02
1.242780126244122272e+02
1.229112766870331086e+02
1.243844453992592065e+02
1.244046855943594778e+02
1.250380251726589051e+02
1.278322873978463434e+02
1.267001295753029240e+02
1.258706887057534090e+02
1.276254432825863034e+02
1.262754564565132540e+02
1.257378059957388388e+02
1.260549380920601266e+02
1.200811148231027232e+02
1.204369850521842267e+02
1.173675208087072690e+02
1.172824280571818178e+02
1.151059584115760117e+02
1.172883925813511183e+02
1.173744708747511680e+02
1.209345421312477811e+02
1.190774257969435297e+02
1.203552168070853412e+02
1.201931332571215734e+02
1.206450998525892260e+02
1.132730590221423341e+02
1.137604891210982316e+02
1.124149659552877409e+02
1.096439875241852917e+02
1.127414097132628683e+02
1.095948730841618755e+02
1.115447184278417438e+02
1.093731614611564851e+02
1.110403445579072184e+02
1.142974740306743371e+02
1.124045065117796725e+02
1.162388589570187918e+02
1.145610465630440586e+02
1.108080904759357708e+02
1.104961283873275590e+02
1.072402385006443950e+02
1.090133838516619136e+02
1.089011652854793226e+02
1.110337946361096613e+02
1.082416471842171859e+02
1.090887136200280878e+02
1.037091385352687780e+02
1.019232184022543919e+02
1.023442624277904685e+02
1.035256495197236291e+02
1.022776702999761653e+02
1.042478753605836488e+02
1.070346993073660826e+02
1.031693929463003059e+02
9.978065141811491401e+01
9.805539630948511842e+01
9.867423306520367987e+01
9.377136750586501535e+01
9.604839270198337431e+01
9.495137332979533085e+01
9.898520519174300603e+01
9.879149545607469918e+01
1.000897840297567569e+02
1.005014373905956404e+02
1.002455663860516495e+02
9.741141653460067573e+01
9.304946353711771678e+01
9.326125003328148466e+01
9.430241113439342371e+01
9.032853840645174159e+01
8.865788104950290460e+01
8.915368561084811461e+01
9.128787949793324685e+01
9.312875965106864840e+01
9.154013919811585254e+01
9.320611587888554084e+01
9.047819188280475089e+01
9.047950071348068946e+01
9.017969657384992388e+01
9.044855071178088224e+01
9.073323648597597924e+01
9.083003738761328805e+01
8.752791981923077458e+01
8.748509272123077096e+01
8.524892277555021280e+01
8.641638202127786883e+01
8.741326407631815698e+01
8.903473927192780479e+01
9.070790125236935353e+01
9.427417982561547660e+01
9.475292989830455781e+01
9.524243379076686722e+01
9.841471011210431641e+01
9.716355572494992998e+01
9.591618957329436057e+01
9.368069657678697126e+01
9.479247931059103394e+01
9.189108975386328382e+01
9.083224083750864963e+01
8.981063226450510228e+01
9.149018265822726903e+01
9.140802130243986312e+01
9.196099919627963004e+01
9.168794190358599394e+01
9.208875009961674607e+01
9.293165805888813225e+01
9.525590585613144867e+01
9.420854192396242865e+01
9.334268995609143360e+01
9.473236714468858111e+01
9.596030100122362683e+01
9.473236714468858111e+01
9.893891517911410460e+01
9.892412970856226195e+01
9.792271090407204781e+01
9.470812594917792637e+01
9.533030955343124901e+01
9.560471696795279684e+01
9.294095453923065975e+01
9.452090451916905067e+01
9.173372037581881955e+01
9.155017930392172332e+01
9.023252340262396842e+01
8.935514576936627407e+01
8.953422237481443346e+01
8.638674650357634732e+01
8.616880545953381443e+01
8.503672951272059777e+01
8.407549039689889980e+01
8.386667022608911282e+01
8.423465609356240691e+01
8.544752032925038066e+01
8.583923462467284082e+01
8.455456215324772984e+01
8.087013356708330036e+01
7.892922035180083640e+01
7.713660192077799138e+01
7.645936576637775772e+01
7.746900818600362015e+01
7.942138456190539841e+01
8.245025455398800318e+01
8.188815362382815977e+01
8.109308726284263003e+01
8.072331266226096602e+01
7.908053217816939195e+01
8.082099890762444261e+01
7.908053217816939195e+01
8.260264232829570119e+01
8.311857107449334592e+01
8.173191021156259239e+01
8.089429638880957896e+01
8.298654627127942263e+01
8.350247501747706735e+01
8.141022513500722368e+01
7.594696654143514536e+01
7.789108144678787937e+01
7.665214252025906205e+01
7.749063789616556619e+01
7.767584563002142772e+01
7.984710628170124380e+01
8.229781874036663680e+01
8.356053630494744766e+01
8.325863462649761004e+01
8.361132510108167537e+01
8.375822268243737767e+01
8.461638757481205175e+01
8.544752032925038066e+01
8.737418272516976003e+01
8.518433007675228907e+01
8.518433007675228907e+01
8.597503286441477144e+01
8.514390010997644254e+01
8.518433007675228907e+01
8.451413218647188330e+01
8.233286134914905574e+01
8.112269335767969380e+01
7.913711282185356310e+01
8.058368992701099387e+01
8.260264232829570119e+01
8.323145259526916107e+01
8.368492520125224132e+01
8.461638757481205175e+01
8.461638757481205175e+01
8.500810187023451192e+01
8.455456215324772984e+01
8.451413218647188330e+01
8.251983016443234931e+01
8.335203075628426461e+01
8.229143319556223446e+01
7.990706738616562177e+01
8.177550444936458973e+01
8.183038247257084663e+01
8.133692765382208734e+01
8.298654627127942263e+01
8.375822268243737767e+01
8.375822268243737767e+01
8.461638757481205175e+01
8.461638757481205175e+01
8.389418931289952752e+01
8.325449937647991305e+01
8.179070279253379283e+01
8.177550444936458973e+01
7.990706738616562177e+01
7.784647529712663072e+01
7.345282003679177762e+01
7.389820236296799294e+01
7.348414737841828526e+01
7.316302349024876150e+01
7.367854352429867504e+01
7.467531305013909559e+01
7.396270388482105318e+01
7.347890134049649191e+01
7.664028029953981047e+01
7.669376137898467505e+01
7.690828466904793004e+01
7.769615084783866621e+01
7.872342974278880945e+01
8.347435756793407791e+01
8.400098821510731284e+01
8.328147562856142372e+01
8.380684368915217419e+01
8.601546283119061798e+01
8.742471386114374354e+01
8.755041093168753719e+01
8.601546283119061798e+01
8.783175835342916571e+01
8.563962483200445774e+01
8.518433007675228907e+01
8.514390010997644254e+01
8.451413218647188330e+01
8.451413218647188330e+01
8.412241789104942313e+01
8.229143319556223446e+01
7.990706738616562177e+01
7.939113863996797704e+01
8.058368992701099387e+01
7.544655476893304069e+01
7.318312605178716979e+01
7.499637105582672802e+01
7.658249117263582662e+01
7.609680789212866614e+01
7.582324364235213920e+01
7.563901275174698924e+01
7.548439395837203847e+01
7.598042955072040172e+01
7.513346138006147612e+01
7.609744343152236468e+01
7.589626206994198299e+01
7.523536379735421065e+01
7.610397574351050309e+01
7.670277982441106701e+01
7.724721917881635136e+01
7.630163437375412627e+01
7.680780737585115503e+01
7.328611412946874282e+01
7.336917869843179574e+01
7.469629040805210707e+01
7.522731642156330167e+01
7.516133726692414996e+01
7.558688301040382385e+01
7.706159539281769355e+01
7.676280816670343654e+01
7.577378148528971735e+01
7.300629069325434273e+01
7.449385900040121555e+01
7.319845673628302052e+01
7.442918746640793870e+01
7.580784562719310316e+01
7.579577524950856571e+01
7.676280816670343654e+01
7.679231255379787058e+01
7.456906948878315688e+01
7.404811312486815211e+01
7.449385900040121555e+01
7.260556325628384400e+01
7.275974798362496188e+01
7.336962703802504393e+01
7.436658196289562284e+01
7.479908152288547285e+01
7.585053479846513369e+01
7.629683240207289430e+01
7.665166168547521863e+01
7.825408313435053742e+01
7.756765419400854000e+01
7.772265816514689618e+01
7.862807796262121940e+01
8.009237883580439643e+01
8.022062872028566005e+01
7.864553135986085408e+01
7.805406361641746571e+01
7.822720577108903228e+01
7.885223072584589943e+01
7.904688377435786606e+01
7.920188774549622224e+01
8.014868910870245600e+01
8.224093899117229967e+01
8.368492520125224132e+01
8.350247501747706735e+01
8.375822268243737767e+01
8.375822268243737767e+01
8.461638757481205175e+01
8.500810187023451192e+01
8.414993697785983784e+01
8.597503286441477144e+01
8.699256959894543684e+01
8.587966459144868736e+01
8.755041093168753719e+01
8.853465369856223788e+01
8.742471386114374354e+01
8.858684436081426838e+01
8.830086861455968972e+01
8.601546283119061798e+01
8.472444922132409317e+01
8.518433007675228907e+01
8.514390010997644254e+01
8.500810187023451192e+01
8.526464760365534801e+01
8.451413218647188330e+01
8.451413218647188330e+01
8.461638757481205175e+01
8.544752032925038066e+01
8.583923462467284082e+01
8.742471386114374354e+01
8.879531306982664773e+01
8.995238013559423962e+01
9.151480396450922683e+01
9.165625335012063601e+01
9.196661396437281155e+01
9.208875009961674607e+01
9.322965928602445729e+01
9.321027642505670485e+01
9.482916804632588992e+01
9.502283735247969787e+01
9.504108783114678261e+01
9.587358229834340761e+01
9.456091467035911080e+01
9.508707768801997418e+01
9.453233317898411769e+01
9.453233317898411769e+01
9.437779497085028879e+01
9.663241340135627411e+01
9.587358229834340761e+01
9.515447740123687481e+01
9.188818592461726098e+01
9.442408498347919021e+01
9.038450282290862958e+01
8.959622831679236299e+01
8.899459231426997974e+01
9.086079372138596000e+01
8.909282335917664852e+01
8.870898049605820290e+01
8.966132863849934154e+01
9.393063240381950152e+01
8.997771536920086533e+01
9.108119599402562017e+01
9.213399348694211710e+01
9.075202213343582969e+01
9.458303934745821095e+01
9.206472369668605893e+01
8.956968462153756150e+01
9.074016008474509931e+01
8.845882451747922914e+01
8.985708173256001885e+01
9.030217707340378297e+01
8.891644204552265762e+01
8.780928337033721220e+01
8.223651905958439556e+01
8.199008793334581924e+01
8.168683121702724748e+01
8.206510675862705284e+01
8.375822268243737767e+01
8.350247501747706735e+01
7.817030301097321399e+01
8.089429638880957896e+01
8.252093583834248136e+01
8.376245132738220889e+01
8.180520769274772874e+01
8.079735357918582395e+01
7.939113863996797704e+01
7.939113863996797704e+01
8.058368992701099387e+01
8.260264232829570119e+01
8.173191021156259239e+01
7.918586062001517689e+01
7.853781223288761737e+01
7.808769197128287942e+01
7.380008237483312428e+01
7.428837296583228067e+01
7.641848503514988522e+01
7.574447839558092710e+01
7.366242717150335295e+01
7.431860632788189491e+01
7.674626495537405901e+01
7.614932202457939070e+01
7.738094170098599989e+01
7.847348697264047246e+01
8.004257377616406188e+01
8.038159146276876754e+01
8.057715851664498530e+01
8.043679234565529157e+01
8.051039244582585752e+01
7.875320887886984167e+01
7.846451475170248102e+01
7.683444073929696572e+01
7.746239191987972106e+01
7.647797584334054477e+01
7.760596476700136748e+01
7.579211297983380291e+01
7.772057519503687217e+01
7.749310089746423102e+01
8.011637019269664961e+01
7.879767028937123996e+01
7.889112263945685299e+01
7.979834435825931394e+01
7.875320887886984167e+01
8.051039244582585752e+01
8.051039244582585752e+01
8.133543296003961132e+01
8.146489798756600464e+01
8.206769145318429537e+01
8.261990722631740880e+01
8.375822268243737767e+01
8.375822268243737767e+01
8.375822268243737767e+01
8.350247501747706735e+01
8.229143319556223446e+01
7.990706738616562177e+01
7.939113863996797704e+01
8.058368992701099387e+01
8.051039244582585752e+01
8.260264232829570119e+01
8.368492520125224132e+01
8.375822268243737767e+01
8.509420075786349003e+01
8.375822268243737767e+01
8.414993697785983784e+01
8.461638757481205175e+01
8.461638757481205175e+01
8.508841939713757085e+01
8.508841939713757085e+01
8.514390010997644254e+01
8.437833394672995269e+01
8.441876391350579922e+01
8.412241789104942313e+01
8.375822268243737767e+01
8.420890780893985550e+01
8.461638757481205175e+01
8.583923462467284082e+01
8.500810187023451192e+01
8.587966459144868736e+01
8.514390010997644254e+01
8.455456215324772984e+01
8.451413218647188330e+01
8.398661965130749252e+01
8.375822268243737767e+01
8.544752032925038066e+01
8.461638757481205175e+01
8.587966459144868736e+01
8.738428389436789701e+01
8.518433007675228907e+01
8.518433007675228907e+01
8.514390010997644254e+01
8.597503286441477144e+01
8.500810187023451192e+01
8.504853183701035846e+01
8.601546283119061798e+01
8.750998096491169065e+01
8.865951483008471712e+01
8.879531306982664773e+01
9.287537282358169932e+01
9.213399348694211710e+01
9.196661396437281155e+01
9.168794190358599394e+01
9.149674345862743507e+01
9.321027642505670485e+01
9.076418648767578645e+01
9.151420906115795617e+01
9.050352711641137660e+01
8.949525794660597455e+01
8.951928434953666169e+01
8.883004924208904640e+01
8.803104092054633156e+01
8.865678983380617240e+01
8.795745542397295935e+01
8.987811077130049853e+01
8.842656568510348336e+01
8.858684436081426838e+01
8.559994141048701977e+01
8.604666932428987991e+01
8.431145020164679238e+01
8.231558614210193525e+01
8.373087198634718220e+01
8.375822268243737767e+01
8.375822268243737767e+01
